14
0.000000 0.000000 0.000000 0.000000 0.000000
0.000000 0.000000 -1.000000 0.000000 360.000000
0.000000 0.500000 -2.000000 0.000000 720.000000
0.000000 0.500000 -2.000000 90.000000 900.000000
1.000000 0.500000 -2.000000 180.000000 1080.000000
1.000000 0.000000 -1.000000 180.000000 1440.000000
1.000000 0.000000 0.000000 180.000000 1800.000000
1.000000 0.000000 0.000000 360.000000 2160.000000
0.000000 0.000000 0.000000 360.000000 2520.000000
0.000000 0.000000 0.000000 0.000000 -30.000000
0.000000 0.000000 0.000000 0.000000 -30.000000
0.000000 0.000000 0.000000 0.000000 -30.000000
0.000000 0.000000 0.000000 0.000000 -30.000000
0.000000 0.000000 0.000000 0.000000 -30.000000
